31333434
31313131
31313131
31313131
31323233
31313131
31313131
31313131
31313132
31313131
31313131
31313131
31313131
31313131
31313131
31313131
31313131
31313131
31313131
31313131
31313131
31313131
31313131
31313131
31303031
31313131
31313131
31313131
31313131
31313131
31313131
31313131
31313131
31313131
31313131
31313131
31303131
31313131
31313131
31313131
31303030
31313131
31313131
31313131
31303030
31313131
31313131
31313131
31303030
31313131
31313131
31313131
31303030
31313131
31313131
31313131
31303030
31313131
31313131
31313131
31313131
31313131
31313131
31313131
31313131
31313131
31313131
31313131
31323231
31313131
31313131
31313131
31333232
31313131
31313131
31313131
31333333
31313131
31313131
31313131
31323233
31313131
31313131
31313131
31323232
31313131
31313131
31313131
31313232
31313131
31313131
31313131
31303131
31313131
31313131
31313131
312F3030
31313131
31313131
31313131
31302F2F
31313131
31313131
31313131
31313130
31313131
31313131
31313131
31333232
31313131
31313131
31313131
31363534
31313131
31313131
31313131
313A3937
31313131
31313131
31313131
313D3C3B
31313131
31313131
31313131
313F3F3E
31313131
31313131
31313131
31454241
31313131
31313131
31313131
314E4B47
31313131
31313131
31313131
31545351
31313131
31313131
31313131
314B5053
31313131
31313131
31313131
313B4046
31313131
31313131
31313131
31313437
31313131
31313131
31313131
312F3030
31313131
31313131
31313131
312F2F2F
31313131
31313131
31313131
312E2F2F
31313131
31313131
31313131
312E2E2E
31313131
31313131
31313131
312E2E2E
31313131
31313131
31313131
312E2E2E
31313131
31313131
31313131
312D2D2D
31313131
31313131
31313131
312D2D2D
31313131
31313131
31313131
312D2D2D
31313131
31313131
31313131
312D2D2D
31313131
31313131
31313131
312D2D2D
31313131
31313131
31313131
312D2D2D
31313131
31313131
31313131
312C2D2D
31313131
31313131
31313131
312C2C2C
31313131
31313131
31313131
312C2C2C
31313131
31313131
31313131
312C2C2C
31313131
31313131
31313131
312C2C2C
31313131
31313131
31313131
312C2C2C
31313131
31313131
31313131
312C2C2C
31313131
31313131
31313131
312D2D2C
31313131
31313131
31313131
312E2E2D
31313131
31313131
31313131
312F2E2E
31313131
31313131
31313131
312F2F2F
31313131
31313131
31313131
31303030
31313131
31313131
31313131
31313131
31313131
31313131
31313131
31313131
31313131
31313131
31313131
31313131
31313131
31313131
31313131
31313131
31313131
31313131
31313131
31313131
31313131
31313131
31313131
31313131
31313131
31313131
31313131
31313131
31313131
31313131
31313131
31313131
31313131
31313131
31313131
31313131
31313131
31313131
31313131
31313131
31313131
31313131
31313131
00000000
00000000
00000000
00000000
00000000
00000000
00000000
00000000
00000000
00000000
00000000
00000000
00000000
00000000
00000000
00000000
00000000
00000000
00000000
00000000
00000000
00000000
00000000
00000000
00000000
00000000
00000000
00000000
00000000
00000000
00000000
00000000
00000000
00000000
00000000
00000000
00000000
00000000
00000000
00000000
00000000
00000000
00000000
00000000
00000000
00000000
00000000
00000000
00000000
00000000
00000000
00000000
00000000
00000000
00000000
00000000
00000000
00000000
00000000
00000000
00000000
00000000
00000000
00000000
00000000
00000000
00000000
00000000
00000000
00000000
00000000
00000000
00000000
00000000
00000000
00000000
00000000
00000000
00000000
00000000
00000000
00000000
00000000
00000000
00000000
00000000
00000000
00000000
00000000
00000000
00000000
00000000
00000000
00000000
00000000
00000000
00000000
00000000
00000000
00000000
00000000
00000000
00000000
00000000
00000000
00000000
00000000
00000000
00000000
00000000
00000000
00000000
00000000
00000000
00000000
00000000
00000000
00000000
00000000
00000000
00000000
00000000
00000000
00000000
00000000
00000000
00000000
00000000
00000000
00000000
00000000
00000000
00000000
00000000
00000000
00000000
00000000
00000000
00000000
00000000
00000000
00000000
00000000
00000000
00000000
00000000
00000000
00000000
00000000
00000000
00000000
00000000
00000000
00000000
00000000
00000000
00000000
00000000
00000000
00000000
00000000
00000000
00000000
00000000
00000000
00000000
00000000
00000000
00000000
00000000
00000000
00000000
00000000
00000000
00000000
00000000
00000000
00000000
00000000
00000000
00000000
00000000
00000000
00000000
00000000
00000000
00000000
00000000
00000000
00000000
00000000
00000000
00000000
00000000
00000000
00000000
00000000
00000000
00000000
00000000
00000000
00000000
00000000
00000000
00000000
00000000
00000000
00000000
00000000
00000000
00000000
00000000
00000000
00000000
00000000
00000000
00000000
00000000
00000000
00000000
00000000
00000000
00000000
00000000
7F7F0000
7F7F7F7F
7F7F7F7F
7F7F7F7F
7F7F7F7F
7F7F7F7F
7F7F7F7F
7F7F7F7F
7F7F7F7F
7F7F7F7F
7F7F7F7F
7F7F7F7F
7F7F7F7F
7F7F7F7F
7F7F7F7F
7F7F7F7F
7F7F7F7F
7F7F7F7F
7F7F7F7F
7F7F7F7F
7F7F7F7F
7F7F7F7F
7F7F7F7F
7F7F7F7F
7F7F7F7F
7F7F7F7F
7F7F7F7F
7F7F7F7F
7F7F7F7F
7F7F7F7F
7F7F7F7F
7F7F7F7F
