312F2F2F
31313131
31313131
31313131
312F2F2F
31313131
31313131
31313131
312E2E2F
31313131
31313131
31313131
312E2E2E
31313131
31313131
31313131
312E2E2E
31313131
31313131
31313131
312E2E2E
31313131
31313131
31313131
312E2E2E
31313131
31313131
31313131
312E2E2E
31313131
31313131
31313131
312F2F2E
31313131
31313131
31313131
312F2F2F
31313131
31313131
31313131
31303030
31313131
31313131
31313131
31303030
31313131
31313131
31313131
31313131
31313131
31313131
31313131
31313131
31313131
31313131
31313131
31313131
31313131
31313131
31313131
31323231
31313131
31313131
31313131
31323232
31313131
31313131
31313131
31323232
31313131
31313131
31313131
31323232
31313131
31313131
31313131
31323232
31313131
31313131
31313131
31323232
31313131
31313131
31313131
31323232
31313131
31313131
31313131
31323232
31313131
31313131
31313131
31323232
31313131
31313131
31313131
31323232
31313131
31313131
31313131
31323232
31313131
31313131
31313131
31323232
31313131
31313131
31313131
31323232
31313131
31313131
31313131
31333232
31313131
31313131
31313131
31353433
31313131
31313131
31313131
313B3937
31313131
31313131
31313131
3143403D
31313131
31313131
31313131
314B4846
31313131
31313131
31313131
314B4C4C
31313131
31313131
31313131
31414548
31313131
31313131
31313131
3135393C
31313131
31313131
31313131
31313233
31313131
31313131
31313131
31313131
31313131
31313131
31313131
31313131
31313131
31313131
31313131
31303131
31313131
31313131
31313131
31303030
31313131
31313131
31313131
31303030
31313131
31313131
31313131
31303030
31313131
31313131
31313131
312F2F2F
31313131
31313131
31313131
312F2F2F
31313131
31313131
31313131
312F2F2F
31313131
31313131
31313131
312F2F2F
31313131
31313131
31313131
312F2F2F
31313131
31313131
31313131
312F2F2F
31313131
31313131
31313131
312F2F2F
31313131
31313131
31313131
312F2F2F
31313131
31313131
31313131
312F2F2F
31313131
31313131
31313131
312F2F2F
31313131
31313131
31313131
312F2F2F
31313131
31313131
31313131
312F2F2F
31313131
31313131
31313131
3130302F
31313131
31313131
31313131
31303030
31313131
31313131
31313131
31303030
31313131
31313131
31313131
31303030
31313131
31313131
31313131
31303030
31313131
31313131
31313131
31313030
31313131
31313131
31313131
31313131
31313131
31313131
31313131
31313131
31313131
31313131
31313131
31313131
31313131
31313131
31313131
31323232
31313131
31313131
31313131
31323232
31313131
31313131
31313131
31313131
31313131
31313131
31313131
31313131
31313131
31313131
31313131
31313131
31313131
31313131
31313131
31313131
31313131
31313131
31313131
31313131
31313131
31313131
31313131
31313131
31313131
31313131
31313131
00000000
00000000
00000000
00000000
00000000
00000000
00000000
00000000
00000000
00000000
00000000
00000000
00000000
00000000
00000000
00000000
00000000
00000000
00000000
00000000
00000000
00000000
00000000
00000000
00000000
00000000
00000000
00000000
00000000
00000000
00000000
00000000
00000000
00000000
00000000
00000000
00000000
00000000
00000000
00000000
00000000
00000000
00000000
00000000
00000000
00000000
00000000
00000000
00000000
00000000
00000000
00000000
00000000
00000000
00000000
00000000
00000000
00000000
00000000
00000000
00000000
00000000
00000000
00000000
00000000
00000000
00000000
00000000
00000000
00000000
00000000
00000000
00000000
00000000
00000000
00000000
00000000
00000000
00000000
00000000
00000000
00000000
00000000
00000000
00000000
00000000
00000000
00000000
00000000
00000000
00000000
00000000
00000000
00000000
00000000
00000000
00000000
00000000
00000000
00000000
00000000
00000000
00000000
00000000
00000000
00000000
00000000
00000000
00000000
00000000
00000000
00000000
00000000
00000000
00000000
00000000
00000000
00000000
00000000
00000000
00000000
00000000
00000000
00000000
00000000
00000000
00000000
00000000
00000000
00000000
00000000
00000000
00000000
00000000
00000000
00000000
00000000
00000000
00000000
00000000
00000000
00000000
00000000
00000000
00000000
00000000
00000000
00000000
00000000
00000000
00000000
00000000
00000000
00000000
00000000
00000000
00000000
00000000
00000000
00000000
00000000
00000000
00000000
00000000
00000000
00000000
00000000
00000000
00000000
00000000
00000000
00000000
00000000
00000000
00000000
00000000
00000000
00000000
00000000
00000000
00000000
00000000
00000000
00000000
00000000
00000000
00000000
00000000
00000000
00000000
00000000
00000000
00000000
00000000
00000000
00000000
00000000
00000000
00000000
00000000
00000000
00000000
00000000
00000000
00000000
00000000
00000000
00000000
00000000
00000000
00000000
00000000
00000000
00000000
00000000
00000000
00000000
00000000
00000000
00000000
00000000
00000000
00000000
00000000
7F7F0000
7F7F7F7F
7F7F7F7F
7F7F7F7F
7F7F7F7F
7F7F7F7F
7F7F7F7F
7F7F7F7F
7F7F7F7F
7F7F7F7F
7F7F7F7F
7F7F7F7F
7F7F7F7F
7F7F7F7F
7F7F7F7F
7F7F7F7F
7F7F7F7F
7F7F7F7F
7F7F7F7F
7F7F7F7F
7F7F7F7F
7F7F7F7F
7F7F7F7F
7F7F7F7F
7F7F7F7F
7F7F7F7F
7F7F7F7F
7F7F7F7F
7F7F7F7F
7F7F7F7F
7F7F7F7F
7F7F7F7F
