31313131
31313131
31313131
31313131
31303030
31313131
31313131
31313131
31303030
31313131
31313131
31313131
31313030
31313131
31313131
31313131
31313131
31313131
31313131
31313131
31313131
31313131
31313131
31313131
31303030
31313131
31313131
31313131
31313130
31313131
31313131
31313131
31313131
31313131
31313131
31313131
31313131
31313131
31313131
31313131
31313131
31313131
31313131
31313131
31313131
31313131
31313131
31313131
31313131
31313131
31313131
31313131
31303131
31313131
31313131
31313131
31303030
31313131
31313131
31313131
31313130
31313131
31313131
31313131
31313131
31313131
31313131
31313131
31313131
31313131
31313131
31313131
31313131
31313131
31313131
31313131
31313131
31313131
31313131
31313131
31313131
31313131
31313131
31313131
31313131
31313131
31313131
31313131
31313131
31313131
31313131
31313131
31313131
31313131
31313131
31313131
31313131
31313131
31313131
31313131
31313131
31313131
31313131
31313131
31313131
31313131
31313131
31313131
31313131
31313131
31313131
31313131
31323131
31313131
31313131
31313131
31323232
31313131
31313131
31313131
31323232
31313131
31313131
31313131
31353433
31313131
31313131
31313131
31393736
31313131
31313131
31313131
313A3A3A
31313131
31313131
31313131
31343638
31313131
31313131
31313131
312D2E31
31313131
31313131
31313131
312B2B2B
31313131
31313131
31313131
312D2D2C
31313131
31313131
31313131
312D2D2D
31313131
31313131
31313131
312D2D2D
31313131
31313131
31313131
312E2E2E
31313131
31313131
31313131
312E2F2F
31313131
31313131
31313131
312E2E2E
31313131
31313131
31313131
312E2E2E
31313131
31313131
31313131
31302F2F
31313131
31313131
31313131
31313131
31313131
31313131
31313131
31313131
31313131
31313131
31313131
31313131
31313131
31313131
31313131
31313131
31313131
31313131
31313131
31313131
31313131
31313131
31313131
31313131
31313131
31313131
31313131
31313131
31313131
31313131
31313131
31313131
31313131
31313131
31313131
31313131
31313131
31313131
31313131
31313131
31313131
31313131
31313131
31323231
31313131
31313131
31313131
31323232
31313131
31313131
31313131
31323232
31313131
31313131
31313131
31323232
31313131
31313131
31313131
31323232
31313131
31313131
31313131
31333332
31313131
31313131
31313131
31333333
31313131
31313131
31313131
31333333
31313131
31313131
31313131
31343434
31313131
31313131
31313131
31353534
31313131
31313131
31313131
31353535
31313131
31313131
31313131
31313131
31313131
31313131
31313131
31313131
31313131
31313131
31313131
31313131
31313131
31313131
31313131
31313131
31313131
31313131
31313131
31313131
31313131
31313131
31313131
31313131
31313131
31313131
31313131
00000000
00000000
00000000
00000000
00000000
00000000
00000000
00000000
00000000
00000000
00000000
00000000
00000000
00000000
00000000
00000000
00000000
00000000
00000000
00000000
00000000
00000000
00000000
00000000
00000000
00000000
00000000
00000000
00000000
00000000
00000000
00000000
00000000
00000000
00000000
00000000
00000000
00000000
00000000
00000000
00000000
00000000
00000000
00000000
00000000
00000000
00000000
00000000
00000000
00000000
00000000
00000000
00000000
00000000
00000000
00000000
00000000
00000000
00000000
00000000
00000000
00000000
00000000
00000000
00000000
00000000
00000000
00000000
00000000
00000000
00000000
00000000
00000000
00000000
00000000
00000000
00000000
00000000
00000000
00000000
00000000
00000000
00000000
00000000
00000000
00000000
00000000
00000000
00000000
00000000
00000000
00000000
00000000
00000000
00000000
00000000
00000000
00000000
00000000
00000000
00000000
00000000
00000000
00000000
00000000
00000000
00000000
00000000
00000000
00000000
00000000
00000000
00000000
00000000
00000000
00000000
00000000
00000000
00000000
00000000
00000000
00000000
00000000
00000000
00000000
00000000
00000000
00000000
00000000
00000000
00000000
00000000
00000000
00000000
00000000
00000000
00000000
00000000
00000000
00000000
00000000
00000000
00000000
00000000
00000000
00000000
00000000
00000000
00000000
00000000
00000000
00000000
00000000
00000000
00000000
00000000
00000000
00000000
00000000
00000000
00000000
00000000
00000000
00000000
00000000
00000000
00000000
00000000
00000000
00000000
00000000
00000000
00000000
00000000
00000000
00000000
00000000
00000000
00000000
00000000
00000000
00000000
00000000
00000000
00000000
00000000
00000000
00000000
00000000
00000000
00000000
00000000
00000000
00000000
00000000
00000000
00000000
00000000
00000000
00000000
00000000
00000000
00000000
00000000
00000000
00000000
00000000
00000000
00000000
00000000
00000000
00000000
00000000
00000000
00000000
00000000
00000000
00000000
00000000
00000000
00000000
00000000
00000000
00000000
7F7F0300
7F7F7F7F
7F7F7F7F
7F7F7F7F
7F7F7F7F
7F7F7F7F
7F7F7F7F
7F7F7F7F
7F7F7F7F
7F7F7F7F
7F7F7F7F
7F7F7F7F
7F7F7F7F
7F7F7F7F
7F7F7F7F
7F7F7F7F
7F7F7F7F
7F7F7F7F
7F7F7F7F
7F7F7F7F
7F7F7F7F
7F7F7F7F
7F7F7F7F
7F7F7F7F
7F7F7F7F
7F7F7F7F
7F7F7F7F
7F7F7F7F
7F7F7F7F
7F7F7F7F
7F7F7F7F
7F7F7F7F
