31313130
31313131
31313131
31313131
31313131
31313131
31313131
31313131
31323131
31313131
31313131
31313131
31323232
31313131
31313131
31313131
31323232
31313131
31313131
31313131
31333333
31313131
31313131
31313131
31333333
31313131
31313131
31313131
31343433
31313131
31313131
31313131
31343434
31313131
31313131
31313131
31343434
31313131
31313131
31313131
31343333
31313131
31313131
31313131
31343434
31313131
31313131
31313131
31343434
31313131
31313131
31313131
31343434
31313131
31313131
31313131
31343434
31313131
31313131
31313131
31353434
31313131
31313131
31313131
31353535
31313131
31313131
31313131
31333434
31313131
31313131
31313131
31333333
31313131
31313131
31313131
31343434
31313131
31313131
31313131
31333334
31313131
31313131
31313131
31323232
31313131
31313131
31313131
31323232
31313131
31313131
31313131
31333333
31313131
31313131
31313131
31323233
31313131
31313131
31313131
31313131
31313131
31313131
31313131
31313131
31313131
31313131
31313131
31313131
31313131
31313131
31313131
31303131
31313131
31313131
31313131
312D2F30
31313131
31313131
31313131
3127292C
31313131
31313131
31313131
31212325
31313131
31313131
31313131
311D1E1F
31313131
31313131
31313131
311E1D1D
31313131
31313131
31313131
3121201F
31313131
31313131
31313131
31232322
31313131
31313131
31313131
31262524
31313131
31313131
31313131
312A2827
31313131
31313131
31313131
312D2C2B
31313131
31313131
31313131
312E2E2E
31313131
31313131
31313131
312D2D2D
31313131
31313131
31313131
312E2E2D
31313131
31313131
31313131
3130302F
31313131
31313131
31313131
31303130
31313131
31313131
31313131
31303030
31313131
31313131
31313131
31313030
31313131
31313131
31313131
31313131
31313131
31313131
31313131
31313131
31313131
31313131
31313131
31323231
31313131
31313131
31313131
31343333
31313131
31313131
31313131
31363635
31313131
31313131
31313131
31393837
31313131
31313131
31313131
313A3A39
31313131
31313131
31313131
313C3B3B
31313131
31313131
31313131
313F3E3D
31313131
31313131
31313131
31414040
31313131
31313131
31313131
31434242
31313131
31313131
31313131
31434343
31313131
31313131
31313131
31424343
31313131
31313131
31313131
31414142
31313131
31313131
31313131
313E3F40
31313131
31313131
31313131
313A3C3D
31313131
31313131
31313131
31373839
31313131
31313131
31313131
31353536
31313131
31313131
31313131
31333434
31313131
31313131
31313131
31323233
31313131
31313131
31313131
31313131
31313131
31313131
31313131
31313131
31313131
31313131
31313131
31313131
31313131
31313131
31313131
31313131
31313131
31313131
31313131
31313131
31313131
31313131
31313131
31313131
31313131
31313131
31313131
00000000
00000000
00000000
00000000
00000000
00000000
00000000
00000000
00000000
00000000
00000000
00000000
00000000
00000000
00000000
00000000
00000000
00000000
00000000
00000000
00000000
00000000
00000000
00000000
00000000
00000000
00000000
00000000
00000000
00000000
00000000
00000000
00000000
00000000
00000000
00000000
00000000
00000000
00000000
00000000
00000000
00000000
00000000
00000000
00000000
00000000
00000000
00000000
00000000
00000000
00000000
00000000
00000000
00000000
00000000
00000000
00000000
00000000
00000000
00000000
00000000
00000000
00000000
00000000
00000000
00000000
00000000
00000000
00000000
00000000
00000000
00000000
00000000
00000000
00000000
00000000
00000000
00000000
00000000
00000000
00000000
00000000
00000000
00000000
00000000
00000000
00000000
00000000
00000000
00000000
00000000
00000000
00000000
00000000
00000000
00000000
00000000
00000000
00000000
00000000
00000000
00000000
00000000
00000000
00000000
00000000
00000000
00000000
00000000
00000000
00000000
00000000
00000000
00000000
00000000
00000000
00000000
00000000
00000000
00000000
00000000
00000000
00000000
00000000
00000000
00000000
00000000
00000000
00000000
00000000
00000000
00000000
00000000
00000000
00000000
00000000
00000000
00000000
00000000
00000000
00000000
00000000
00000000
00000000
00000000
00000000
00000000
00000000
00000000
00000000
00000000
00000000
00000000
00000000
00000000
00000000
00000000
00000000
00000000
00000000
00000000
00000000
00000000
00000000
00000000
00000000
00000000
00000000
00000000
00000000
00000000
00000000
00000000
00000000
00000000
00000000
00000000
00000000
00000000
00000000
00000000
00000000
00000000
00000000
00000000
00000000
00000000
00000000
00000000
00000000
00000000
00000000
00000000
00000000
00000000
00000000
00000000
00000000
00000000
00000000
00000000
00000000
00000000
00000000
00000000
00000000
00000000
00000000
00000000
00000000
00000000
00000000
00000000
00000000
00000000
00000000
00000000
00000000
00000000
00000000
00000000
00000000
00000000
00000000
7F7F0000
7F7F7F7F
7F7F7F7F
7F7F7F7F
7F7F7F7F
7F7F7F7F
7F7F7F7F
7F7F7F7F
7F7F7F7F
7F7F7F7F
7F7F7F7F
7F7F7F7F
7F7F7F7F
7F7F7F7F
7F7F7F7F
7F7F7F7F
7F7F7F7F
7F7F7F7F
7F7F7F7F
7F7F7F7F
7F7F7F7F
7F7F7F7F
7F7F7F7F
7F7F7F7F
7F7F7F7F
7F7F7F7F
7F7F7F7F
7F7F7F7F
7F7F7F7F
7F7F7F7F
7F7F7F7F
7F7F7F7F
